1 0
1570 1078 264 268
1
1 0
1204 846 275 273
1
1 0
1327 1087 275 277
1
1 0
653 719 280 265
1
1 0
805 946 276 273
1
1 0
1046 1075 269 277
1
1 0
453 507 279 280
1
1 0
995 717 280 276
1
1 0
1581 460 260 272
1
1 0
489 971 282 282
1
1 0
798 1025 282 282
1
1 0
561 836 290 282
1
1 0
992 574 282 283
1
1 0
1328 604 264 265
1
1 0
1091 456 275 273
1
1 0
1529 505 274 273
1
1 0
523 1115 290 288
1
1 0
1161 1094 275 281
1
1 0
601 484 292 270
1
1 0
1268 573 276 277
1
1 0
724 527 283 274
1
1 0
1458 413 270 285
1
