basic/dataset_0/scan_000_normalmap.png 1245,668,1529,950,0 814,543,1096,807,0 1095,434,1361,718,0 464,731,742,1013,0 901,547,1187,833,0 1218,869,1506,1151,0 487,445,767,723,0 760,306,1044,582,0 1401,372,1669,646,0 582,934,852,1218,0 891,761,1179,1035,0 528,468,818,752,0 1339,416,1635,704,0 608,302,898,576,0 1348,322,1648,614,0 318,728,586,1002,0 818,965,1104,1237,0 818,482,1110,774,0 311,823,583,1095,0 1114,960,1404,1240,0
basic/dataset_0/scan_001_normalmap.png 1247,667,1529,953,0 811,536,1093,812,0 1096,433,1362,717,0 436,730,732,1022,0 900,542,1192,834,0 1220,869,1512,1157,0 470,437,764,723,0 755,302,1043,576,0 1406,372,1662,648,0 565,939,845,1235,0 515,464,813,750,0 1340,418,1630,702,0 602,293,900,565,0 1351,324,1645,610,0 284,722,574,1014,0 816,956,1110,1250,0 822,476,1118,770,0 1118,961,1408,1247,0
basic/dataset_0/scan_002_normalmap.png 1271,655,1593,973,0 789,516,1105,816,0 1104,392,1402,710,0 398,726,712,1038,0 885,520,1205,842,0 1240,882,1566,1198,0 427,404,735,718,0 728,250,1044,560,0 1448,318,1756,630,0 531,952,827,1270,0 469,434,791,752,0 1378,369,1714,695,0 1388,261,1730,593,0 798,968,1116,1290,0 791,448,1119,776,0 1121,985,1447,1295,0
basic/dataset_0/scan_003_normalmap.png 1251,664,1545,956,0 810,526,1100,812,0 1097,426,1369,716,0 444,732,734,1020,0 897,540,1191,836,0 1223,870,1521,1166,0 476,437,762,725,0 755,299,1043,577,0 1410,359,1686,641,0 568,939,842,1235,0 516,463,812,751,0 1347,406,1649,698,0 1355,309,1663,605,0 816,952,1110,1250,0
basic/dataset_0/scan_004_normalmap.png 1250,666,1536,956,0 808,526,1098,812,0 1094,430,1366,716,0 429,730,729,1024,0 899,539,1195,835,0 1222,869,1518,1163,0 464,430,762,724,0 752,298,1044,574,0 1392,364,1668,646,0 510,457,812,749,0 1343,415,1637,701,0 813,953,1107,1251,0
basic/dataset_0/scan_005_normalmap.png 1241,670,1519,946,0 818,531,1098,811,0 1094,439,1356,719,0 468,731,748,1007,0 903,552,1185,834,0 494,447,772,725,0 1387,369,1659,649,0 534,473,820,755,0 1335,422,1625,706,0 827,941,1103,1219,0
basic/dataset_0/scan_006_normalmap.png 1246,667,1528,949,0 812,526,1098,812,0 1094,432,1380,716,0 445,731,737,1019,0 475,436,765,724,0 1388,363,1666,651,0 518,464,814,754,0 820,947,1106,1235,0
basic/dataset_0/scan_007_normalmap.png 1259,659,1563,963,0 802,515,1102,813,0 1099,414,1401,712,0 424,730,724,1028,0 457,425,757,725,0 1409,337,1709,643,0
basic/dataset_0/scan_008_normalmap.png 1256,661,1554,959,0 1097,421,1395,713,0 426,731,726,1027,0 1401,348,1693,648,0
basic/dataset_0/scan_009_normalmap.png 1271,655,1587,971,0 384,727,706,1045,0
basic/dataset_0/scan_010_normalmap.png 338,647,616,937,0 779,772,1071,1060,0 1263,747,1561,1035,0 407,288,699,576,0 916,380,1212,668,0 309,438,587,736,0 972,419,1270,717,0 1284,434,1586,732,0 1326,783,1632,1085,0
basic/dataset_0/scan_011_normalmap.png 1448,962,1764,1274,0 924,590,1228,892,0 545,559,847,859,0 587,961,889,1257,0 1522,967,1846,1277,0 616,274,912,578,0 1082,570,1396,878,0 891,963,1191,1271,0 1521,686,1839,976,0 1221,272,1531,574,0 1247,838,1563,1146,0 1229,575,1537,875,0 1054,265,1354,577,0 298,954,582,1256,0 1152,873,1462,1183,0 1523,650,1847,964,0 298,333,572,635,0 279,959,585,1265,0 1527,741,1857,1055,0 310,279,616,579,0 843,855,1151,1163,0
basic/dataset_0/scan_012_normalmap.png 1377,940,1655,1218,0 910,607,1184,881,0 556,576,838,854,0 596,947,876,1219,0 1447,944,1729,1218,0 621,315,897,593,0 1058,590,1338,868,0 877,946,1153,1226,0 1444,697,1720,953,0 1178,323,1454,595,0 1184,595,1458,871,0 316,943,590,1223,0 1448,664,1730,940,0 317,363,581,645,0 305,947,593,1231,0 335,314,625,592,0 839,848,1117,1126,0
basic/dataset_0/scan_013_normalmap.png 1399,938,1695,1232,0 901,582,1195,878,0 519,550,821,848,0 565,948,865,1236,0 587,266,885,568,0 866,946,1162,1242,0 1472,679,1768,953,0 1188,274,1488,570,0 1195,570,1489,864,0 267,943,563,1243,0 1477,644,1779,942,0 258,319,546,623,0 276,265,590,569,0
basic/dataset_0/scan_014_normalmap.png 1419,959,1725,1261,0 912,597,1208,895,0 535,566,835,862,0 575,963,877,1255,0 604,286,898,584,0 877,963,1175,1265,0 1491,674,1797,972,0 1201,291,1501,583,0 285,340,573,640,0
basic/dataset_0/scan_015_normalmap.png 1467,979,1809,1317,0 529,982,863,1308,0 864,983,1194,1319,0 1548,661,1890,993,0 208,291,526,623,0
basic/dataset_0/scan_016_normalmap.png 1459,965,1791,1291,0
basic/dataset_0/scan_017_normalmap.png 1438,944,1702,1212,0 1067,710,1341,982,0 1190,949,1464,1225,0 513,587,793,851,0 667,810,943,1082,0 912,937,1180,1213,0 314,367,592,647,0 855,579,1135,855,0 1451,324,1711,596,0 348,830,630,1112,0 657,884,939,1166,0 416,695,706,977,0 851,433,1133,715,0 1196,472,1460,736,0 954,320,1228,592,0 1392,369,1666,641,0 378,971,668,1259,0 1024,954,1298,1234,0 455,349,747,619,0 1130,435,1406,711,0 583,390,865,664,0 1323,271,1593,555,0
basic/dataset_0/scan_018_normalmap.png 1452,950,1718,1222,0 1069,710,1345,984,0 1192,951,1466,1229,0 527,580,799,846,0 676,808,942,1076,0 914,935,1182,1209,0 337,375,601,647,0 856,580,1132,854,0 1459,315,1737,593,0 374,825,640,1097,0 661,881,937,1157,0 431,695,711,969,0 1197,461,1471,737,0 955,318,1229,594,0 1393,362,1681,642,0 1019,955,1297,1235,0 1125,433,1407,713,0 589,394,867,664,0
basic/dataset_0/scan_019_normalmap.png 1455,954,1737,1232,0 1070,708,1354,990,0 511,575,791,849,0 665,810,939,1084,0 910,940,1186,1222,0 314,363,602,645,0 1470,303,1754,589,0 353,828,629,1108,0 650,884,934,1170,0 412,693,700,977,0 1201,452,1481,736,0 952,306,1234,590,0 1403,351,1699,639,0 1128,424,1418,712,0
basic/dataset_0/scan_020_normalmap.png 1520,982,1846,1304,0 1076,699,1402,1025,0 433,545,755,869,0 610,815,926,1131,0 888,965,1210,1289,0 206,301,536,625,0 1539,229,1867,565,0 253,836,569,1158,0 1228,401,1552,731,0 940,234,1268,562,0
basic/dataset_0/scan_021_normalmap.png 1077,698,1409,1030,0 601,816,925,1140,0 884,970,1214,1302,0 193,295,529,623,0 236,838,560,1168,0 939,227,1271,557,0
basic/dataset_0/scan_022_normalmap.png 1072,702,1380,1010,0 264,837,580,1153,0
basic/dataset_1/scan_000_normalmap.png 824,628,1088,884,0 1027,833,1297,1095,0 1079,306,1333,548,0 819,472,1083,734,0 536,745,798,1013,0 1304,617,1572,881,0 947,889,1221,1161,0 672,906,948,1178,0 1006,305,1266,543,0 814,525,1086,793,0 467,747,741,1013,0 1260,470,1526,716,0 1074,731,1346,983,0 724,1053,1002,1335,0 1080,263,1344,521,0 479,775,757,1053,0 1147,499,1415,755,0 729,1117,1009,1405,0
basic/dataset_1/scan_001_normalmap.png 956,601,1212,849,0 676,648,930,898,0 1113,991,1347,1257,0 1081,669,1341,923,0 1034,319,1264,561,0 689,986,955,1256,0 668,549,924,791,0 802,340,1054,586,0 1139,917,1407,1183,0 1028,618,1294,880,0 1039,267,1289,511,0 841,1032,1113,1306,0 727,722,985,984,0 665,310,913,550,0 1115,987,1391,1265,0 996,247,1252,493,0 872,907,1134,1179,0 608,278,856,522,0
basic/dataset_1/scan_002_normalmap.png 925,687,1235,1001,0 916,329,1238,647,0 411,792,727,1094,0 799,830,1121,1142,0 1276,833,1592,1131,0 480,284,806,616,0 1041,337,1363,665,0 1285,545,1609,863,0 469,847,801,1169,0 857,771,1187,1099,0 1330,865,1646,1173,0 386,462,714,792,0 794,378,1118,702,0 1369,376,1671,698,0 373,800,707,1136,0 1354,809,1684,1137,0 1413,308,1725,634,0
basic/dataset_1/scan_003_normalmap.png 877,717,1169,997,0 1077,473,1363,753,0 477,505,757,769,0 706,734,1004,1022,0 1056,1004,1358,1298,0 811,227,1089,499,0 1155,537,1449,821,0 1219,814,1497,1108,0 483,560,771,844,0 776,709,1078,1009,0 1071,1065,1369,1371,0 651,276,929,558,0 964,426,1248,708,0 1367,745,1655,1019,0 438,471,736,761,0 1112,1026,1424,1340,0 1438,727,1730,1001,0
basic/dataset_1/scan_004_normalmap.png 973,649,1247,923,0 753,464,1021,724,0 720,1030,998,1316,0 987,791,1271,1071,0 1259,519,1525,775,0 468,695,750,959,0 827,388,1097,650,0 1093,379,1363,609,0 797,1003,1087,1297,0 981,721,1265,995,0 1315,497,1591,749,0 512,837,800,1121,0 705,545,981,823,0 1032,242,1292,474,0 709,1029,1005,1329,0 1295,445,1567,707,0
basic/dataset_1/scan_005_normalmap.png 939,700,1201,968,0 934,400,1202,666,0 491,789,771,1045,0 838,820,1108,1086,0 1235,822,1497,1074,0 564,359,844,639,0 1043,408,1307,680,0 1243,583,1509,847,0 557,834,839,1110,0 888,769,1168,1047,0 1282,848,1544,1108,0 484,507,766,789,0 832,440,1108,712,0 1314,443,1562,709,0 476,795,764,1081,0 1303,801,1573,1073,0
basic/dataset_1/scan_006_normalmap.png 835,688,1107,956,0 1136,656,1408,930,0 732,290,984,536,0 709,585,981,851,0 739,999,1003,1281,0 1134,313,1402,565,0 1137,752,1415,1032,0 981,983,1259,1269,0 676,325,948,593,0 753,627,1035,899,0 705,1045,987,1325,0 984,244,1252,504,0 1132,1033,1412,1321,0 704,243,978,509,0 744,1054,1034,1348,0
basic/dataset_1/scan_007_normalmap.png 770,591,1106,911,0 1016,856,1362,1190,0 1110,207,1426,505,0 772,393,1106,719,0 397,719,729,1055,0 1376,598,1718,932,0 909,921,1261,1271,0 555,928,909,1280,0 1016,200,1342,490,0 761,456,1105,792,0 307,717,659,1057,0 1326,414,1666,720,0 611,1119,971,1487,0 1111,147,1443,467,0 314,752,674,1106,0
basic/dataset_1/scan_008_normalmap.png 851,558,1149,844,0 786,870,1092,1176,0 1339,571,1619,835,0 981,442,1283,730,0 551,382,841,666,0 1183,979,1489,1289,0 672,837,980,1147,0 482,624,788,910,0 1277,474,1585,766,0 916,476,1224,770,0 520,326,800,598,0 1304,829,1600,1137,0 1362,518,1666,826,0 463,355,773,649,0
basic/dataset_1/scan_009_normalmap.png 968,623,1222,865,0 688,583,942,837,0 995,1034,1249,1300,0 1067,719,1325,973,0 1114,360,1356,604,0 599,912,867,1178,0 707,486,963,734,0 896,324,1140,570,0 1049,973,1313,1243,0 1024,654,1288,920,0 1150,321,1396,563,0 727,1001,997,1273,0 998,1036,1274,1314,0 1106,285,1362,537,0
basic/dataset_1/scan_010_normalmap.png 858,526,1184,844,0 693,845,1031,1179,0 1373,682,1697,980,0 1026,439,1356,765,0 593,261,909,569,0 1080,1069,1422,1415,0 580,772,922,1112,0 466,484,782,810,0 1327,564,1665,894,0 945,467,1285,783,0 559,200,879,504,0 1258,947,1582,1281,0 1405,634,1739,968,0
basic/dataset_1/scan_011_normalmap.png 887,583,1143,831,0 790,850,1052,1104,0 1300,661,1556,887,0 1013,500,1269,752,0 659,393,903,639,0 1110,983,1374,1247,0 698,796,964,1060,0 573,585,827,839,0 1257,570,1519,824,0 952,527,1216,775,0 622,350,876,588,0 1236,872,1488,1130,0 1322,617,1580,877,0
basic/dataset_1/scan_012_normalmap.png 967,617,1269,913,0 675,472,971,766,0 816,1088,1100,1404,0 1027,769,1339,1071,0 1227,391,1523,677,0 441,800,751,1104,0 734,372,1032,668,0 1008,281,1304,549,0 893,1041,1209,1363,0 1286,359,1580,643,0 537,947,853,1259,0 811,1095,1135,1425,0
basic/dataset_1/scan_013_normalmap.png 853,706,1167,1014,0 1106,476,1412,784,0 460,411,764,701,0 666,703,988,1015,0 990,1048,1312,1372,0 863,161,1167,463,0 1177,558,1495,874,0 1196,873,1502,1195,0 457,476,767,790,0 997,1112,1321,1446,0 681,192,985,502,0 421,379,743,693,0
basic/dataset_1/scan_014_normalmap.png 927,538,1259,868,0 568,636,904,962,0 1172,1031,1516,1385,0 1105,606,1433,948,0 982,173,1292,485,0 627,1075,975,1431,0 543,507,883,831,0 697,219,1025,543,0 1207,935,1555,1287,0 991,99,1319,419,0 832,1120,1186,1484,0
basic/dataset_1/scan_015_normalmap.png 875,712,1127,962,0 1112,574,1364,824,0 610,411,858,647,0 729,685,979,933,0 920,1006,1178,1268,0 977,284,1221,524,0 1153,650,1411,906,0 1113,906,1369,1162,0 598,466,846,718,0 913,1057,1175,1325,0 823,279,1071,527,0
basic/dataset_1/scan_016_normalmap.png 915,682,1249,1016,0 909,299,1253,645,0 359,794,709,1122,0 787,841,1131,1151,0 1291,816,1625,1150,0 445,252,793,604,0 1041,308,1387,660,0 1301,530,1647,872,0 435,846,787,1192,0 1347,866,1691,1196,0
basic/dataset_1/scan_017_normalmap.png 929,692,1223,994,0 924,370,1220,660,0 424,784,740,1086,0 814,822,1122,1120,0 1262,826,1558,1118,0 521,319,825,623,0 1043,375,1335,667,0 1266,567,1566,861,0 494,830,812,1144,0 1314,852,1618,1156,0
basic/dataset_1/scan_018_normalmap.png 857,581,1119,841,0 868,869,1136,1139,0 1272,492,1538,738,0 563,492,821,750,0 1228,886,1494,1156,0 765,860,1035,1134,0 553,705,823,971,0 1211,439,1477,701,0 510,457,778,711,0
basic/dataset_1/scan_019_normalmap.png 935,698,1215,978,0 933,389,1213,667,0 499,786,773,1052,0 1249,823,1529,1093,0 572,356,840,636,0 1034,394,1320,678,0 1253,574,1543,858,0 553,828,833,1106,0 1293,853,1583,1133,0
basic/dataset_1/scan_020_normalmap.png 950,699,1204,955,0 919,437,1167,675,0 546,825,806,1079,0 1247,774,1503,1024,0 586,441,832,687,0 1013,424,1263,670,0 605,854,869,1116,0 1293,790,1555,1050,0
basic/dataset_1/scan_021_normalmap.png 939,701,1207,971,0 938,408,1204,672,0 515,787,781,1045,0 1241,811,1509,1079,0 591,378,849,644,0 1035,411,1307,679,0 569,827,839,1097,0 1283,844,1561,1116,0
basic/dataset_1/scan_022_normalmap.png 955,641,1289,975,0 752,356,1078,678,0 549,1027,889,1375,0 1337,555,1659,879,0 357,559,691,877,0 638,1026,990,1378,0 1404,552,1748,876,0
basic/dataset_1/scan_023_normalmap.png 947,698,1207,960,0 921,430,1177,672,0 528,817,796,1077,0 1249,782,1511,1040,0 580,424,832,678,0 588,848,858,1116,0 1296,801,1566,1069,0
basic/dataset_1/scan_024_normalmap.png 925,689,1233,999,0 925,363,1229,657,0 437,790,745,1088,0 1273,816,1589,1128,0 533,329,823,629,0 497,835,809,1145,0
basic/dataset_1/scan_025_normalmap.png 945,704,1193,960,0 941,431,1191,677,0 523,782,787,1036,0 1224,812,1476,1062,0 601,389,859,645,0 584,821,848,1085,0
basic/dataset_1/scan_026_normalmap.png 772,627,1102,955,0 1115,761,1445,1087,0 887,149,1199,453,0 494,921,836,1255,0 1305,392,1631,706,0
basic/dataset_1/scan_027_normalmap.png 823,688,1145,1012,0 1142,543,1466,865,0 529,277,843,579,0 842,1073,1174,1409,0 1007,163,1319,461,0
basic/dataset_1/scan_028_normalmap.png 936,698,1212,976,0 491,787,771,1061,0 1248,812,1530,1092,0 572,362,842,638,0
basic/dataset_1/scan_029_normalmap.png 814,531,1144,859,0 1339,435,1675,743,0 440,409,774,735,0 1274,927,1614,1273,0
basic/dataset_1/scan_030_normalmap.png 904,698,1216,1012,0 390,677,708,991,0 1220,901,1544,1225,0
basic/dataset_1/scan_031_normalmap.png 853,711,1179,1023,0 420,434,742,726,0 1018,1046,1360,1392,0
basic/dataset_1/scan_032_normalmap.png 638,359,892,605,0 858,1013,1128,1287,0
basic/dataset_1/scan_033_normalmap.png 1001,202,1289,488,0 496,826,798,1126,0
basic/dataset_1/scan_034_normalmap.png 946,180,1260,484,0
basic/dataset_1/scan_035_normalmap.png 588,927,886,1217,0
basic/dataset_2/scan_000_normalmap.png 1244,699,1528,965,0 605,539,881,807,0 863,421,1137,695,0 373,741,653,1025,0 870,791,1154,1071,0 1284,770,1572,1062,0 543,568,823,850,0 816,626,1100,910,0 1247,448,1523,718,0 501,870,793,1162,0 996,839,1276,1129,0 1274,758,1562,1020,0 462,449,742,731,0 970,459,1252,729,0 1448,374,1726,632,0 997,950,1291,1240,0 1398,323,1664,589,0
basic/dataset_2/scan_001_normalmap.png 1148,887,1434,1179,0 720,395,1002,659,0 997,435,1275,717,0 409,412,687,692,0 774,747,1060,1033,0 1106,982,1408,1286,0 646,372,932,654,0 828,583,1114,859,0 1309,691,1581,979,0 434,597,724,883,0 837,860,1127,1154,0 1117,967,1411,1259,0 651,227,937,511,0 1062,529,1348,817,0 1529,747,1801,1031,0 764,954,1060,1252,0 1502,683,1792,967,0
basic/dataset_2/scan_002_normalmap.png 1279,709,1619,1031,0 536,476,862,794,0 849,357,1173,679,0 240,694,576,1028,0 827,791,1163,1127,0 1319,800,1665,1150,0 460,504,790,838,0 775,593,1113,929,0 1301,419,1627,737,0 380,858,730,1204,0 970,858,1304,1206,0 1308,785,1654,1105,0 373,357,703,691,0 972,406,1306,728,0 1549,342,1873,652,0 1492,282,1804,596,0
basic/dataset_2/scan_003_normalmap.png 1086,378,1340,632,0 703,845,965,1109,0 699,583,959,843,0 777,1125,1049,1401,0 1028,724,1290,984,0 1181,377,1445,637,0 701,903,973,1175,0 869,699,1135,963,0 885,295,1143,515,0 956,1051,1226,1327,0 1124,638,1384,900,0 1162,379,1420,637,0 564,921,840,1197,0 782,503,1046,757,0 896,104,1150,316,0 848,112,1100,348,0
basic/dataset_2/scan_004_normalmap.png 1230,662,1484,906,0 629,591,887,835,0 849,456,1101,706,0 444,803,698,1065,0 903,792,1163,1048,0 1279,723,1539,989,0 578,626,834,886,0 835,646,1095,908,0 1203,436,1459,680,0 578,903,846,1171,0 1027,820,1279,1084,0 1266,713,1522,943,0 489,527,747,783,0 953,481,1213,721,0 1373,341,1629,581,0
basic/dataset_2/scan_005_normalmap.png 1250,705,1544,979,0 570,504,868,804,0 854,378,1156,682,0 321,724,625,1020,0 855,788,1153,1086,0 1292,801,1580,1101,0 504,545,812,851,0 804,620,1106,924,0 1272,429,1562,731,0 469,873,773,1173,0 991,858,1273,1148,0 1277,775,1575,1059,0 411,413,727,729,0 976,435,1280,741,0 1497,345,1783,645,0
basic/dataset_2/scan_006_normalmap.png 1283,700,1627,1016,0 522,471,852,803,0 836,328,1170,670,0 262,711,584,1033,0 836,790,1168,1124,0 1319,811,1665,1159,0 449,516,781,854,0 771,600,1113,942,0 1306,382,1646,730,0 407,878,747,1206,0 976,870,1308,1198,0 1311,781,1661,1111,0 344,368,680,718,0 1569,282,1917,634,0
basic/dataset_2/scan_007_normalmap.png 1190,804,1454,1066,0 690,477,948,723,0 948,446,1204,700,0 421,569,683,827,0 831,773,1089,1033,0 1183,894,1453,1164,0 623,476,885,734,0 837,616,1099,872,0 1282,596,1530,854,0 491,727,759,989,0 914,856,1178,1122,0 1187,879,1455,1139,0 593,347,851,607,0 1492,588,1732,846,0
basic/dataset_2/scan_008_normalmap.png 1272,701,1600,1001,0 530,480,854,806,0 838,341,1168,673,0 269,717,591,1033,0 840,789,1164,1113,0 1313,807,1637,1137,0 457,526,789,856,0 781,606,1113,938,0 1297,395,1621,729,0 421,884,753,1198,0 1301,778,1631,1090,0 354,380,692,726,0 1549,301,1873,637,0
basic/dataset_2/scan_009_normalmap.png 613,331,921,631,0 1048,905,1378,1235,0 736,830,1058,1154,0 1427,892,1741,1224,0 1007,500,1323,802,0 653,197,975,513,0 1129,913,1465,1247,0 933,657,1259,985,0 428,512,728,834,0 1378,672,1706,988,0 644,235,962,533,0 1116,1073,1460,1423,0 190,439,496,759,0
basic/dataset_2/scan_010_normalmap.png 1281,697,1621,1017,0 533,480,857,804,0 842,343,1166,675,0 263,715,585,1043,0 836,794,1168,1128,0 1319,798,1665,1148,0 460,518,786,852,0 774,598,1112,936,0 1298,390,1632,724,0 404,879,744,1215,0 1311,775,1657,1099,0 1550,295,1888,627,0
basic/dataset_2/scan_011_normalmap.png 824,1030,1146,1376,0 971,274,1289,596,0 1125,560,1461,880,0 712,55,1028,351,0 673,600,1007,926,0 689,1068,1045,1428,0 911,208,1241,516,0 857,516,1193,850,0 1121,1015,1467,1363,0 556,191,882,523,0 743,1065,1071,1419,0 1247,1263,1597,1543,0
basic/dataset_2/scan_012_normalmap.png 1221,511,1505,773,0 594,689,872,975,0 749,477,1031,737,0 476,993,770,1287,0 955,782,1241,1062,0 546,748,838,1032,0 822,660,1112,948,0 1103,309,1383,565,0 671,1029,973,1327,0 1293,549,1575,833,0 1230,148,1506,396,0
basic/dataset_2/scan_013_normalmap.png 1113,946,1435,1280,0 736,328,1048,620,0 1029,419,1341,733,0 386,289,690,597,0 719,720,1045,1044,0 654,286,972,600,0 812,548,1136,864,0 1324,757,1634,1079,0 381,491,695,815,0 1058,1029,1398,1371,0 1562,858,1878,1188,0
basic/dataset_2/scan_014_normalmap.png 1230,714,1500,966,0 632,536,890,796,0 879,426,1139,692,0 422,725,676,985,0 877,788,1139,1054,0 575,570,835,836,0 827,636,1095,904,0 1245,466,1511,736,0 1252,777,1526,1047,0 1449,389,1717,659,0
basic/dataset_2/scan_015_normalmap.png 1064,367,1316,619,0 723,859,983,1121,0 698,600,956,858,0 821,1127,1089,1401,0 1034,711,1292,971,0 728,917,996,1187,0 876,702,1138,962,0 856,300,1112,524,0 1138,362,1398,618,0 850,107,1102,321,0
basic/dataset_2/scan_016_normalmap.png 1272,699,1600,1007,0 555,493,867,803,0 850,361,1160,679,0 298,719,604,1035,0 845,793,1163,1115,0 485,529,795,851,0 784,605,1108,929,0 1287,404,1615,724,0 1300,774,1636,1102,0
basic/dataset_2/scan_017_normalmap.png 1285,697,1629,1021,0 520,472,852,804,0 836,333,1170,673,0 242,712,574,1050,0 832,794,1170,1136,0 444,511,780,855,0 770,595,1114,939,0 1303,384,1649,724,0 1316,776,1668,1122,0
basic/dataset_2/scan_018_normalmap.png 1274,683,1604,1009,0 547,488,863,804,0 847,355,1163,677,0 286,716,598,1036,0 842,793,1164,1117,0 476,525,792,851,0 782,603,1110,931,0 1302,775,1640,1107,0
basic/dataset_2/scan_019_normalmap.png 1234,701,1510,971,0 635,534,893,796,0 880,421,1140,691,0 432,723,680,981,0 878,788,1140,1056,0 578,569,832,835,0 824,634,1096,906,0 1254,779,1534,1057,0
basic/dataset_2/scan_020_normalmap.png 1152,901,1466,1221,0 704,375,1006,651,0 999,419,1301,717,0 369,381,667,677,0 747,742,1059,1054,0 625,342,931,640,0 1116,983,1442,1313,0
basic/dataset_2/scan_021_normalmap.png 1059,962,1361,1272,0 801,354,1089,618,0 1053,469,1343,759,0 487,276,769,550,0 729,703,1031,1003,0 728,306,1022,588,0 997,1030,1313,1348,0
basic/dataset_2/scan_022_normalmap.png 653,937,963,1253,0 1106,407,1398,697,0 1114,690,1420,992,0 1013,129,1301,403,0 737,543,1035,825,0 551,920,871,1234,0
basic/dataset_2/scan_023_normalmap.png 1236,698,1512,974,0 616,529,892,803,0 873,419,1143,693,0 385,722,659,998,0 869,790,1145,1066,0 1261,775,1543,1053,0
basic/dataset_2/scan_024_normalmap.png 831,1026,1171,1370,0 959,288,1279,604,0 1123,563,1453,875,0 711,81,1021,365,0 678,607,1008,927,0
basic/dataset_2/scan_025_normalmap.png 525,749,825,1047,0 1195,592,1489,866,0 1024,808,1326,1108,0 1296,304,1580,578,0 828,484,1116,768,0
basic/dataset_2/scan_026_normalmap.png 1225,706,1485,958,0 881,434,1137,694,0 441,725,687,971,0 882,785,1136,1041,0
basic/dataset_2/scan_027_normalmap.png 877,975,1145,1245,0 1104,600,1368,852,0 766,210,1018,444,0 749,640,1013,898,0
basic/dataset_2/scan_028_normalmap.png 589,560,847,808,0 1384,614,1638,862,0 941,506,1195,760,0
basic/dataset_2/scan_029_normalmap.png 1253,693,1555,991,0 378,720,648,1002,0 864,789,1150,1083,0
basic/dataset_2/scan_030_normalmap.png 614,915,928,1235,0 1072,121,1368,407,0
basic/dataset_2/scan_031_normalmap.png 1222,705,1478,955,0 446,727,690,973,0
basic/dataset_2/scan_032_normalmap.png 758,951,1028,1225,0
basic/dataset_2/scan_033_normalmap.png 720,957,1012,1253,0
basic/dataset_3/scan_000_normalmap.png 363,971,685,1289,0 1256,750,1570,1064,0 450,413,748,719,0 770,413,1076,707,0 454,759,766,1069,0 833,873,1149,1189,0 1450,789,1752,1105,0 452,397,760,709,0 947,479,1259,793,0 1292,304,1604,612,0 531,710,851,1028,0 898,884,1218,1206,0 1526,940,1840,1266,0 513,298,823,614,0 1006,576,1324,874,0 1481,448,1791,762,0 652,630,972,940,0 987,844,1313,1170,0
basic/dataset_3/scan_001_normalmap.png 372,1044,716,1386,0 1280,698,1612,1026,0 402,458,700,776,0 734,422,1052,720,0 444,816,778,1132,0 858,879,1194,1213,0 1483,709,1803,1041,0 406,439,728,763,0 925,460,1249,786,0 1254,248,1570,560,0 521,751,859,1081,0 929,883,1265,1219,0 1590,855,1914,1195,0 454,331,778,653,0 1000,551,1330,851,0 1464,364,1788,688,0 638,648,974,974,0 1018,822,1360,1166,0
basic/dataset_3/scan_002_normalmap.png 478,939,744,1199,0 1218,755,1474,1013,0 539,465,793,725,0 811,464,1069,722,0 550,761,816,1019,0 868,857,1128,1115,0 1376,791,1622,1045,0 544,455,804,719,0 961,529,1223,789,0 1250,375,1512,635,0 616,721,882,987,0 924,869,1186,1131,0 1436,914,1690,1176,0 594,372,858,642,0 1012,611,1274,859,0 1407,505,1661,763,0 996,839,1264,1103,0
basic/dataset_3/scan_003_normalmap.png 395,966,699,1264,0 1254,752,1572,1066,0 459,410,753,716,0 772,404,1076,712,0 471,760,777,1062,0 838,874,1148,1164,0 1443,799,1757,1107,0 458,398,758,712,0 945,480,1259,792,0 1299,284,1623,606,0 541,713,851,1027,0 898,890,1214,1200,0 1518,950,1842,1272,0 513,299,817,619,0 1003,578,1323,880,0 1489,444,1811,762,0 983,856,1301,1172,0
basic/dataset_3/scan_004_normalmap.png 585,1194,921,1540,0 1281,542,1603,860,0 376,652,692,968,0 683,489,983,797,0 552,949,890,1273,0 970,861,1300,1189,0 1459,484,1781,794,0 377,638,699,952,0 867,463,1189,771,0 1079,152,1389,444,0 608,872,942,1192,0 1033,829,1363,1165,0 370,521,704,831,0 976,510,1290,824,0 1316,179,1626,487,0 1097,753,1435,1083,0
basic/dataset_3/scan_005_normalmap.png 1471,465,1793,777,0 577,362,875,670,0 1213,971,1547,1293,0 900,856,1224,1182,0 1319,627,1647,947,0 1006,416,1318,702,0 433,260,717,566,0 1207,969,1547,1301,0 748,723,1074,1025,0 337,770,665,1088,0 1227,635,1563,955,0 944,351,1262,663,0 1113,1033,1453,1379,0 728,601,1052,905,0 234,558,540,866,0 847,347,1171,647,0
basic/dataset_3/scan_006_normalmap.png 736,124,1016,394,0 626,918,936,1224,0 1200,333,1478,611,0 1112,601,1406,879,0 892,242,1180,516,0 688,517,958,801,0 519,1066,839,1378,0 1206,324,1498,608,0 984,719,1282,1023,0 1043,1105,1355,1425,0 627,560,929,856,0 1271,392,1573,676,0 870,743,1172,1045,0 831,1229,1147,1543,0 627,632,929,936,0
basic/dataset_3/scan_007_normalmap.png 350,980,676,1302,0 1268,750,1604,1082,0 425,391,733,715,0 757,385,1079,709,0 435,754,759,1080,0 825,880,1155,1192,0 1471,789,1807,1131,0 424,378,744,708,0 941,461,1273,793,0 1312,259,1652,595,0 890,896,1226,1228,0 484,272,804,610,0 1003,566,1341,884,0 1518,421,1854,759,0 981,857,1321,1195,0
basic/dataset_3/scan_008_normalmap.png 835,42,1137,338,0 540,870,868,1194,0 1276,372,1578,672,0 1117,634,1439,944,0 969,198,1281,508,0 678,452,984,752,0 394,1006,732,1332,0 1279,358,1601,672,0 952,736,1274,1062,0 928,1157,1260,1497,0 618,491,940,809,0 1334,442,1664,764,0 680,1240,1018,1542,0 593,569,921,897,0
basic/dataset_3/scan_009_normalmap.png 463,945,737,1211,0 1219,755,1477,1015,0 525,456,787,724,0 806,456,1070,720,0 539,756,813,1026,0 865,859,1129,1121,0 1379,787,1625,1049,0 532,446,802,720,0 962,525,1226,789,0 1252,370,1514,634,0 924,871,1188,1137,0 584,362,858,640,0 1414,503,1660,763,0 999,841,1271,1109,0
basic/dataset_3/scan_010_normalmap.png 530,1064,822,1358,0 1252,655,1536,933,0 473,564,735,840,0 755,490,1023,750,0 557,855,847,1129,0 920,861,1208,1147,0 477,550,753,826,0 922,500,1200,778,0 1169,277,1441,543,0 981,853,1267,1141,0 500,454,782,726,0 1364,350,1638,624,0 1049,792,1341,1084,0
basic/dataset_3/scan_011_normalmap.png 438,951,724,1229,0 1232,754,1510,1032,0 505,444,775,722,0 795,442,1071,718,0 516,756,800,1036,0 855,864,1135,1140,0 508,432,786,716,0 956,510,1238,790,0 1267,344,1549,624,0 914,876,1196,1158,0 562,343,844,633,0 1440,482,1712,762,0 993,844,1281,1128,0
basic/dataset_3/scan_012_normalmap.png 676,200,932,452,0 715,939,997,1221,0 1132,322,1392,574,0 1096,581,1364,837,0 839,287,1103,537,0 703,572,951,840,0 1136,316,1406,572,0 1003,708,1275,986,0 1117,1044,1399,1328,0 655,618,929,890,0 1208,375,1482,627,0 952,1186,1236,1476,0
basic/dataset_3/scan_013_normalmap.png 715,59,1021,357,0 593,928,925,1260,0 1217,294,1517,598,0 1119,587,1437,891,0 884,191,1196,493,0 652,492,954,804,0 1223,285,1541,597,0 979,718,1301,1048,0 1039,1136,1373,1478,0 595,540,921,862,0 1293,361,1621,673,0 811,1269,1149,1543,0
basic/dataset_3/scan_014_normalmap.png 695,1211,1015,1541,0 1254,494,1564,800,0 409,723,715,1029,0 660,525,968,831,0 626,981,950,1297,0 1008,838,1324,1156,0 403,713,719,1019,0 851,480,1161,776,0 1005,150,1303,424,0 1065,802,1385,1122,0 1237,141,1535,437,0
basic/dataset_3/scan_015_normalmap.png 449,949,729,1217,0 1232,756,1514,1034,0 504,440,774,720,0 792,436,1072,718,0 521,754,797,1034,0 856,864,1136,1124,0 506,432,786,716,0 955,510,1241,790,0 1273,333,1563,621,0 913,880,1195,1156,0 1448,481,1728,763,0
basic/dataset_3/scan_016_normalmap.png 1395,819,1661,1089,0 822,341,1076,587,0 953,1040,1229,1320,0 798,820,1066,1080,0 1196,857,1470,1127,0 1098,552,1360,808,0 947,1028,1225,1312,0 484,512,740,766,0 1077,497,1337,753,0 511,332,771,564,0
basic/dataset_3/scan_017_normalmap.png 818,174,1072,420,0 643,877,917,1151,0 1212,408,1464,658,0 1103,639,1371,891,0 945,294,1203,544,0 725,523,979,775,0 1215,399,1481,657,0 992,1083,1270,1365,0 678,559,946,823,0 793,1170,1075,1456,0
basic/dataset_3/scan_018_normalmap.png 1419,783,1697,1061,0 788,330,1052,586,0 983,1045,1269,1337,0 803,828,1083,1100,0 1092,529,1364,795,0 978,1034,1266,1330,0 451,532,717,800,0 1065,473,1337,741,0 463,344,735,586,0
basic/dataset_3/scan_019_normalmap.png 1359,1018,1681,1348,0 917,236,1219,536,0 762,1107,1090,1427,0 687,776,1003,1096,0 1137,589,1447,901,0 751,1079,1087,1417,0 466,307,778,607,0 1136,518,1450,830,0 576,108,884,388,0
basic/dataset_3/scan_020_normalmap.png 245,840,589,1174,0 1223,840,1553,1178,0 498,323,814,623,0 816,384,1134,696,0 753,858,1089,1192,0 498,294,824,608,0 1369,409,1697,723,0 816,880,1158,1224,0
basic/dataset_3/scan_021_normalmap.png 449,478,697,710,0 975,969,1241,1231,0 866,299,1112,521,0 1004,489,1254,735,0 706,734,962,986,0 869,288,1117,520,0 1321,794,1579,1050,0 720,775,982,1029,0
basic/dataset_3/scan_022_normalmap.png 468,944,738,1212,0 1226,753,1500,1027,0 532,460,798,726,0 805,455,1069,719,0 861,861,1133,1131,0 533,449,799,721,0 1262,353,1538,627,0
basic/dataset_3/scan_023_normalmap.png 374,967,690,1271,0 1257,753,1569,1063,0 431,397,741,715,0 760,392,1076,712,0 835,875,1147,1181,0 434,388,756,712,0 1302,278,1628,602,0
basic/dataset_3/scan_024_normalmap.png 401,1059,739,1397,0 1279,683,1607,1005,0 406,482,720,796,0 728,433,1042,729,0 873,877,1203,1205,0 1234,242,1546,548,0
basic/dataset_3/scan_025_normalmap.png 466,294,740,572,0 862,999,1152,1295,0 969,226,1247,486,0 1052,485,1332,767,0 656,659,936,945,0 1281,920,1575,1212,0
basic/dataset_3/scan_026_normalmap.png 1382,917,1668,1211,0 868,285,1144,557,0 864,1072,1160,1370,0 747,801,1033,1089,0 1119,569,1399,851,0
basic/dataset_3/scan_027_normalmap.png 1269,1053,1561,1353,0 980,299,1254,569,0 725,1041,1021,1341,0 702,749,988,1037,0 1128,641,1410,923,0
basic/dataset_3/scan_028_normalmap.png 1386,843,1652,1115,0 932,1044,1206,1324,0 789,815,1057,1077,0 1103,559,1363,819,0
basic/dataset_3/scan_029_normalmap.png 432,954,720,1238,0 501,439,783,723,0 791,436,1073,716,0 851,866,1139,1152,0
basic/dataset_3/scan_030_normalmap.png 521,453,793,723,0 801,450,1069,720,0 864,860,1130,1120,0
basic/dataset_3/scan_031_normalmap.png 389,370,733,712,0 742,370,1080,708,0 821,882,1155,1210,0
basic/dataset_3/scan_032_normalmap.png 391,372,735,712,0 817,883,1157,1221,0
basic/dataset_3/scan_033_normalmap.png 928,1092,1246,1416,0 1112,516,1418,820,0
basic/dataset_3/scan_034_normalmap.png 1046,817,1364,1135,0
basic/dataset_3/scan_035_normalmap.png 1009,842,1361,1194,0
